-79
50
-113
46
-103
43
-99
-3
-5
-109
-58
-19
-95
-51
-77
29
-32
23
-81
15
-48
-51
20
33
1
-50
30
-43
-67
-61
26
-111
-55
-39
39
-44
-103
16
-14
27
26
-78
-91
-54
-60
-73
-27
-104
-82
-92
-52
-7
-119
-24
-90
-86
-118
45
49
-26
-116
8
11
12
-3
-110
28
-70
-8
-44
-34
-84
38
-60
-32
11
9
30
-9
8
15
20
24
-2
-3
-79
-113
-97
-40
25
-105
0
-118
-83
-55
43
-76
-90
-105
5
-75
44
-98
-45
12
-108
6
-37
-82
36
-58
-103
-43
-29
-6
-105
-19
-108
18
-24
-74
3
-22
48
5
23
-63
-107
-22
-38
41
4
-108
-113
-5
-110
36
-25
-68
-69
-53
26
-69
3
-52
-103
-59
-109
-10
0
-25
31
26
-86
48
-22
-75
-19
3
-4
19
-88
-27
-103
-118
36
-56
-12
-109
-52
-89
-64
20
-44
30
-39
39
-6
-117
-89
-47
-3
-67
-2
-36
-55
-60
-94
-119
5
17
-104
-96
-38
-97
-93
-3
-1
-50
-11
-4
-28
5
-111
-40
-1
-17
-28
-65
-84
-52
-56
-90
-1
-8
-79
-3
16
-105
30
-35
-72
-47
-22
-25
-57
0
0
-60
11
-28
-58
-25
-13
16
19
3
-96
-50
31
-67
-52
-56
-46
-28
-85
30
25
-116
-66
8
-51
41
-72
30
-46
-92
-22
-55
-73
-5
15
-45
-72
44
-99
-58
-108
-17
-64
17
-30
-101
-13
-4
-10
-85
-4
21
-98
-43
33
-57
-78
-84
-113
-77
34
-49
-95
-50
13
-60
39
-35
32
-55
-18
-49
-31
20
-84
25
15
-70
4
-106
13
-32
-13
-71
-15
-119
42
-55
-9
-86
-116
-20
-74
28
46
-90
4
-98
-10
-72
-53
-49
-89
-85
-83
23
-36
39
-47
-97
31
23
2
-82
-47
-57
-74
-63
-85
2
-37
-82
-66
-14
-56
-72
-11
19
-80
-9
-76
-2
-11
-57
-19
-62
-85
-46
-7
9
-15
33
-103
42
-22
8
9
-101
-15
-92
29
-4
47
28
38
-117
-82
-7
-86
23
19
-40
-117
-27
-67
-30
32
-86
-94
14
-38
45
20
40
2
-67
-17
-28
14
-96
-19
23
-17
-106
46
-31
-60
-116
-77
-41
-73
-55
39
-68
-48
-57
-58
33
-85
-7
22
2
44
-52
-86
-85
32
-108
-97
-43
-20
-56
-67
-74
-10
-34
-70
-17
-53
20
-106
10
-42
26
-47
-49
28
-34
19
-20
-55
-59
-99
-38
-115
43
-42
-34
-53
-56
12
-11
-75
-2
20
-98
17
-120
11
-47
-105
33
30
-104
37
33
-53
45
-10
-60
28
37
2
-5
14
-58
-35
3
23
26
-26
-14
-85
-53
-68
-74
-41
-49
28
-8
42
-36
-52
0
25
-84
-73
-28
-74
32
40
-97
29
0
-20
28
16
37
-109
-100
-117
-54
-8
-40
-14
-86
-19
30
29
-40
-110
16
-13
-24
-93
48
-96
-38
-78
40
27
-110
-83
-33
-11
-107
1
-84
11
-33
3
27
-101
-24
-105
-20
0
-49
-94
-86
-97
-57
-63
8
-19
21
-102
-2
-1
-59
-80
-54
-19
-37
-87
44
31
36
-77
-38
-115
11
-64
-78
-31
-64
-113
29
-15
-62
-7
-120
-37
36
-107
49
48
-36
-79
23
-34
-33
8
37
28
-39
7
-71
9
-68
-40
-22
-91
-36
-8
-33
-65
2
-3
29
9
-71
-66
-101
-60
26
-115
-40
-23
-45
-103
-78
26
-39
-101
2
-41
-100
-55
44
-23
42
-65
-52
-34
-118
-58
-87
34
8
-11
-117
-96
49
-23
-90
42
-108
-56
36
23
44
-82
-43
-39
7
-80
-3
-53
-114
-32
-69
-108
-13
24
-38
43
20
9
17
-2
-9
-16
-39
-28
-83
13
-115
-68
-117
9
16
-93
-15
-26
34
31
37
27
-12
-116
11
-42
-6
41
-103
-29
-57
20
-2
-8
9
-6
-97
-57
-25
-69
-53
-85
-108
49
-54
-52
-104
-120
12
16
-55
12
-45
19
-56
-40
50
11
50
35
-16
-81
-61
-77
20
14
-46
-79
9
-48
40
-91
-17
48
-95
-12
-21
-101
14
1
-107
-111
27
-117
-61
-13
23
2
44
-27
-92
48
-81
-84
-84
34
-112
9
-30
-56
-71
-64
-25
-37
-103
-72
-91
-94
4
-114
-37
-102
-65
21
-56
-71
-30
-28
-40
-42
17
-93
-14
30
-11
-104
-33
-10
-11
22
36
-42
-58
-55
-17
43
-114
-70
28
-29
-4
-10
-111
-34
-82
9
-52
-46
-60
-14
-43
-49
-110
27
-35
-84
-14
-62
-68
48
29
13
-90
-49
-86
-111
-72
34
47
-62
13
38
33
-15
-16
-63
-30
10
27
-38
-95
-9
-101
-32
0
-27
-79
-6
37
-40
-117
33
-62
-73
20
-57
28
-111
-115
-11
-29
-32
10
-73
-6
-20
-10
-76
-52
-75
-16
-35
-60
-58
-95
21
-17
33
-35
24
-55
48
-19
-37
-51
-74
-4
-39
-93
-73
-89
-42
-63
-86
50
-40
-96
-115
-91
-3
-52
4
-64
-37
48
-42
-95
-77
-94
46
27
12
22
21
-62
45
0
-19
-51
21
-18
0
-87
12
-4
-73
-82
-47
-109
-101
-89
30
-119
-59
10
-77
40
20
-110
-43
39
-16
-83
-114
-89
12
1
-30
-4
-62
-107
39
-92
-73
34
-102
-8
-116
-34
-75
-73
4
41
-18
-100
14
-20
-52
-27
-87
-60
-44
-51
35
-93
-12
42
40
-117
49
-111
-94
-15
27
43
-96
-11
-103
30
8
23
-77
-84
-86
-105
-41
-52
-54
-2
-1
-96
-119
-36
7
-83
-120
-102
7
-36
10
-19
-95
-66
37
-17
5
-117
13
31
9
29
-31
-49
-38
-92
-83
-118
-43
18
-88
-119
-102
-97
-28
-22
1
35
-94
12
6
-8
-31
-75
-27
-74
-112
-20
43
-11
8
-103
-68
0
-25
-79
43
-75
-74
-16
-93
45
8
-69
-55
-24
-12
-65
-21
-89
-93
-20
9
-79
42
-14
-20
5
-59
-113
-120
20
-1
-117
47
25
-62
-53
47
28
-21
-95
-4
35
-12
11
-1
33
-59
44
-21
35
-45
-32
12
-93
-58
-56
13
-66
-112
-53
-33
-70
-61
-57
-57
19
-34
-54
-93
39
-3
15
20
-109
17
-48
-29
-80
-39
-39
-8
-15
0
7
-7
34
-9
50
-34
-28
-62
-13
-68
9
10
9
-46
-31
-44
-25
37
9
-63
-110
-72
-27
-15
-16
-111
-32
1
-60
-9
-80
-27
-77
-59
22
37
-44
-76
0
-17
15
-120
-120
-87
-90
48
-92
45
-70
-107
49
-81
-15
-17
4
42
45
-62
10
5
-42
-37
-15
1
-101
47
-95
-80
-106
12
12
25
10
-52
-89
-78
6
-21
-57
-36
-22
-50
-33
37
-76
-108
-30
-22
-105
33
6
20
-93
3
11
-20
-46
-46
-76
-17
11
10
9
-59
-39
-41
-50
26
-2
-97
-93
-58
37
-61
-30
33
-94
-19
-51
-93
10
-50
37
40
-86
-33
47
-87
-71
39
-108
-54
-105
-110
-4
-24
-3
-17
-72
-32
-50
-88
-106
19
-25
50
-56
-37
2
-47
-17
-117
22
6
-11
-11
-20
9
42
-61
-68
-15
-43
-34
17
48
-15
-31
-20
8
46
44
-10
-33
-14
-64
-73
-94
0
-102
-120
-107
-117
-18
-106
37
-89
-112
42
-16
-48
-103
18
-6
-60
-38
11
-82
-112
-85
-89
-7
13
-38
-114
-60
-94
-3
17
-93
-93
-37
41
-50
45
-120
-97
-113
-63
10
-48
-24
-49
-25
-4
-20
46
-8
-82
-22
-58
-102
18
32
43
-64
-84
-40
1
-49
-23
-95
25
22
-82
-116
-115
26
-9
-37
2
-43
-10
-102
-101
41
10
-94
-105
-43
38
-2
7
45
-102
-94
27
-81
-2
-105
-99
-44
17
-109
-102
-48
-73
11
47
-114
-14
-66
-29
29
-76
4
-16
-54
19
-83
-83
-75
-99
-18
10
-87
-71
-59
-44
46
-57
-66
-77
-80
-88
12
-100
-77
-47
-105
-39
2
26
34
5
-36
-51
-76
-51
35
39
-91
-21
-111
0
41
-26
-1
30
-85
31
-3
-117
-16
-78
8
-82
-87
-8
-55
-79
-24
-84
-24
24
-115
46
24
6
16
-50
-25
11
-86
9
-57
15
-106
-97
-26
-62
-23
-43
0
-50
-48
-8
-17
3
15
-82
46
-6
49
-3
-31
-50
-28
-74
-24
36
11
21
-32
-7
-68
-69
-83
36
-116
-105
-21
-104
8
-116
41
-41
-24
-44
39
-90
-41
-112
-78
-28
-90
-7
-108
-26
42
-60
-61
-41
49
-11
-36
-92
-52
-18
-110
0
-60
-55
-119
-38
-16
-2
-94
-22
-105
-36
-97
38
-73
-1
-93
-25
-75
0
-2
45
21
-69
50
-70
31
6
44
-36
-106
35
-109
40
-48
-116
2
16
-26
-116
-92
-71
15
-84
32
45
-80
-62
4
-23
-50
-74
-11
-27
35
15
-13
-85
27
-89
-48
-108
29
-65
-100
-32
-90
-108
23
-116
-73
-89
-31
-95
-2
-91
-118
-76
-14
-99
-48
-30
-56
-15
-88
-16
-101
-38
-87
-16
40
-4
-55
10
3
-30
-92
3
-25
46
-114
44
-91
-47
22
-23
40
26
-61
-109
-49
35
-108
14
35
-116
-97
41
15
-57
-60
18
-14
-81
-77
-36
-36
-67
-13
-64
-34
-40
-79
-38
-113
-14
-47
-101
34
33
-80
27
-10
-51
-24
19
-38
-107
-91
50
-41
-49
-38
-81
-27
-15
2
-13
7
-46
-12
31
37
2
-73
-12
-101
25
-39
-65
-20
27
40
14
-35
-112
-14
-19
23
-35
-77
-90
-23
21
-116
-112
-44
-71
46
-102
42
-97
-56
-47
3
-30
-79
-91
-25
-7
-107
-118
2
-108
-17
-23
48
-77
39
24
-111
-24
-80
-85
-16
31
-75
-84
-6
-104
5
-89
-56
-36
-51
-55
-26
-99
-58
-114
42
-84
-87
-14
-118
-93
-11
-80
-9
-53
-12
-110
23
-2
28
-57
-77
-37
-45
-95
39
-90
-36
38
-38
18
-107
-70
-27
10
-72
-81
-111
-98
-104
22
-46
-73
6
-96
-40
-43
42
-81
-14
46
-91
-75
47
5
29
-4
39
-41
8
24
-97
-79
26
-83
41
49
-52
-20
-47
31
34
4
-110
49
3
-43
-62
-99
18
-61
-106
-94
-112
-1
18
-83
3
-34
-15
-29
-113
-118
-52
-29
-32
-85
47
-98
11
-59
-88
-27
-68
-36
-89
-30
-44
14
-38
-63
-17
-8
-73
12
-66
32
-88
8
-106
-65
-8
-76
-93
-1
-78
35
-70
-22
-34
-90
41
31
-36
-115
42
-105
-101
35
-73
-25
8
-60
-113
14
-84
-10
-6
-30
-36
47
35
-63
4
-112
-6
-16
-64
-110
-31
-118
5
-32
-95
-3
18
-101
-107
46
-97
-47
-103
32
-40
17
-4
-38
-26
-14
-106
-60
13
-94
25
30
-102
22
33
34
25
-114
-39
-19
-102
24
-103
-60
-74
-51
-120
-60
-74
14
21
24
-60
-74
-51
31
-114
46
-49
-113
-116
-13
30
-112
-46
-60
-84
-92
-87
46
-54
-13
20
29
-45
-29
42
-59
-36
19
-93
-59
-99
-6
-108
-87
-27
-55
36
-15
-45
27
-56
47
-23
-48
45
-60
5
18
37
27
-64
-106
-113
-37
-47
22
-63
15
-51
-84
-68
37
-107
-48
-108
-36
14
49
-27
31
-90
49
-6
7
-4
-18
1
-75
-60
38
-120
-72
-65
-94
41
-104
26
14
-41
-38
38
-55
-109
36
34
29
27
-70
-79
-17
-30
-52
-26
41
-51
-87
-22
-3
-34
-28
48
-24
-81
-70
47
17
37
33
-116
-35
18
39
-107
-4
-6
-47
-65
46
-77
-64
-33
-79
-24
-23
-120
-91
-97
-22
-89
-73
45
-5
-67
0
-4
-90
-58
-14
-100
-98
-9
-53
-119
-56
-86
-84
-63
6
-39
3
-102
-89
-34
-67
26
-43
-120
-46
-83
23
-11
5
-113
-89
-113
33
7
19
-15
-23
-113
-4
21
22
-76
-55
-102
22
-117
50
-12
45
-86
-95
-82
-61
-106
13
13
0
40
-3
-111
-49
-25
-118
-54
9
-38
17
45
-98
-111
-36
-113
27
17
30
-67
-71
35
15
-19
-17
-120
-11
-56
-119
17
-4
-20
-15
-13
-33
-60
-66
-43
-54
24
-63
-78
-62
5
-96
-11
-32
-23
48
19
-99
-49
-67
-24
5
-91
-62
-75
-118
28
-42
38
-65
-86
-53
-28
43
-91
-111
-73
38
17
-96
-107
-17
-27
-62
-97
-33
-112
-97
-33
-35
2
-94
-30
-40
-2
2
-89
-120
-21
27
3
-28
-73
-23
-15
-79
-81
-100
-88
40
35
-38
-109
-102
32
1
-55
9
-28
20
-113
2
-60
-88
43
-66
-53
42
-100
-92
-40
34
0
-22
-98
-15
-106
0
-21
12
3
-38
-18
-101
4
-62
-24
48
-66
-65
-101
-38
48
-43
15
-91
6
49
10
22
26
-26
-25
-57
-33
-1
-83
41
-16
-13
-38
-11
9
-26
-111
-17
-78
-116
23
-9
-98
-108
6
-99
-107
-34
-22
-103
-53
28
-86
-104
-102
-114
45
-86
49
-40
-10
-70
-115
-47
-95
-81
-111
-69
-13
26
-102
-19
-111
2
6
-118
-11
-42
-77
-13
46
-78
-113
7
-15
13
-10
-36
33
-1
-12
-79
-117
-21
47
-106
-76
17
25
14
-91
-3
-101
-86
31
36
-25
-1
21
8
26
-4
-45
-99
-92
-2
39
31
-93
-77
-13
-3
-8
-118
-79
-112
-75
-108
-25
10
30
-41
-89
29
-104
6
25
-55
48
-62
-107
44
-92
27
-9
-13
-15
41
-80
-64
10
-100
-94
3
-11
21
-42
-120
-33
21
-33
-36
-59
-82
-44
30
-44
-68
14
8
-73
18
-25
-36
-97
46
-38
-30
25
-10
28
-15
-56
28
-93
31
-10
10
-59
18
-34
-33
-113
-116
6
-18
29
48
-58
-17
49
-31
19
-119
-44
40
-54
-113
-75
-17
42
48
-109
-5
-41
-56
-25
-79
-81
38
31
-113
22
-75
-117
-118
2
15
-116
35
-83
18
-40
25
-21
31
-41
42
25
-25
-27
-34
3
-70
2
-95
-69
-99
20
7
-87
-105
-35
42
-75
-2
35
-15
-38
13
-59
18
-91
-65
40
49
-25
14
-21
31
9
-120
-44
-31
-18
22
-40
-83
43
17
-73
-101
-65
-45
-1
-17
7
50
7
-36
-45
-85
25
37
-22
-118
-67
-40
-63
-104
-6
14
10
-90
16
-23
50
30
-56
13
-113
22
41
-91
-98
19
5
-10
-119
-37
-53
39
-10
-120
-100
-113
-87
4
-103
-45
-16
-100
-36
-33
-2
-12
10
-88
-67
-98
-77
-93
-79
-60
37
-95
-119
23
-34
33
-18
-110
-44
-81
-81
-76
-3
-74
5
-53
-13
-26
42
38
-105
-17
18
-13
-63
-90
-66
-66
40
-13
-32
-80
13
-99
-44
-112
-25
-75
-79
-41
-25
-24
-85
46
-22
-69
-67
-88
40
-18
36
-52
-118
41
-7
-53
25
0
-54
23
-113
-74
-95
40
-114
-21
-88
12
-85
21
22
-113
-104
5
43
-69
-40
-36
25
29
-93
-38
-27
-26
-105
-86
-100
-10
0
-64
33
-101
39
48
-107
-52
-113
-101
-63
49
-114
49
-110
29
31
-27
-20
-66
-86
-51
-86
-70
-37
-35
50
-64
14
-98
-63
39
-95
27
-23
-17
-118
7
-3
-31
26
23
-19
3
-9
-39
-47
-58
-42
-68
-108
-78
-18
37
-76
-70
24
-44
-92
-86
-62
-48
32
-51
-57
6
-55
-88
-45
-63
-53
-67
-15
26
-114
-12
-47
-23
47
-7
-47
-42
9
-37
-114
-81
-103
17
-20
29
-4
-48
-118
-64
38
-65
-114
-116
-49
-53
-93
48
-68
50
-27
-93
-101
-21
-56
28
-24
29
-36
20
1
-1
10
-104
-58
44
17
21
-49
37
-20
-110
-14
-73
29
-50
-15
14
-58
48
21
-8
-22
-100
-99
37
-114
-26
-42
-64
-47
2
30
-103
40
-84
2
-94
-74
-56
27
-118
-61
-36
-104
-20
-63
4
-114
-18
36
-24
-116
-63
3
-17
-38
20
46
3
26
2
47
-83
-67
40
-60
48
9
46
-82
20
-81
-66
50
-62
-77
17
41
-111
-15
-41
-48
13
-7
-46
-45
-16
24
24
-99
-25
-119
19
20
-94
-25
28
41
48
33
-36
50
26
5
-80
48
8
-109
-111
-4
1
-57
-111
-73
-99
-7
-3
36
-30
-17
-104
-82
-111
-104
-99
-80
-15
-117
-22
-68
-36
45
-120
-16
-26
22
-44
-111
-3
-92
-61
27
-70
-83
-106
30
-8
-76
-2
-8
26
10
-20
-55
-32
-61
50
-20
39
44
-50
36
46
-62
-11
-90
25
-108
15
-87
16
-35
-99
-76
11
-93
35
-113
-120
-17
-96
50
-80
-24
29
-103
-21
35
-98
-69
-1
-10
-32
11
-19
-22
-95
32
-41
-74
-72
-3
-67
-68
-106
-60
-19
-44
42
-106
-103
-29
-3
-58
18
-100
36
-5
17
6
-87
-8
-76
-3
-26
-97
-108
-71
4
-73
-84
-21
21
-24
11
-78
-35
0
-14
-65
-120
-83
22
-68
-40
-34
2
-73
-109
-53
-65
24
43
29
44
-1
6
39
-44
-57
-108
-45
-67
-51
29
-76
-10
16
9
43
-21
11
-90
-68
-52
46
25
-118
-58
6
-57
-107
-19
33
35
-74
15
33
-90
-84
-107
16
-84
-64
-82
-75
-7
-60
-58
45
20
22
21
-15
4
48
-87
-53
-117
-47
-52
-42
-33
-45
50
-34
-54
48
3
29
13
-67
-96
-66
-74
-86
-114
35
-43
-109
36
-21
-30
12
45
-87
-44
32
-5
6
15
-99
-102
-58
-19
-41
-77
-64
-107
-37
28
20
-103
19
29
49
-82
-28
-59
-41
-88
11
-62
30
-26
-8
48
-63
-70
42
26
-43
-3
-89
-95
-118
-100
-9
-13
0
-118
-63
-104
-111
49
24
-41
-25
-10
-71
34
-10
-44
24
33
-114
-52
-106
8
-22
30
-38
45
40
-21
11
-67
-3
31
-95
-62
-34
-85
-92
-96
-120
22
15
-9
-68
44
-86
-30
40
48
21
-96
-117
-22
49
-54
25
25
-25
-9
7
-45
8
-97
-7
3
50
-69
-48
-34
-1
11
41
36
38
-98
-66
-110
-11
-83
-8
-42
-32
22
26
-6
29
-10
-68
-95
-49
-54
-37
22
22
38
22
29
9
-81
40
49
48
-20
-50
40
18
35
-80
-46
-95
44
-11
-67
49
-93
-36
5
23
-116
-41
27
-27
-62
-106
16
-69
27
-2
-80
-75
-71
-105
22
-72
-80
-92
33
-35
-68
-100
-47
-120
49
18
35
-86
-98
-112
-24
17
-8
-41
-57
46
27
-35
47
-117
-38
-37
-100
-16
-104
2
-90
18
-82
-105
39
3
22
-84
-82
15
-24
44
9
-11
-107
-107
-6
-116
-110
-26
-40
46
9
28
-102
-45
-101
-45
-35
16
-110
-108
-117
-16
-45
-6
-103
-1
-64
-26
-81
-67
-49
-97
-8
-109
-10
-69
-53
-20
-79
-42
-81
-37
-13
-34
-75
-83
40
-52
-56
43
-4
-61
22
-1
-74
10
-77
41
39
-59
0
44
-46
-16
21
28
-49
-78
-107
-27
25
-50
-33
-84
-114
36
32
46
-96
-88
-49
-13
31
-93
-5
-74
28
-105
31
-39
5
-52
-98
42
-79
10
-34
-18
-27
-14
-96
12
-73
-100
23
28
-81
-13
9
-33
-90
-119
-43
-38
15
-69
-106
-34
-97
25
-29
-20
-54
-37
-42
42
-80
46
-18
-45
-99
-6
-15
26
-67
14
-54
-109
-117
-37
-100
-78
7
-7
23
-39
-82
-60
-86
-115
23
-100
12
-84
27
-14
-79
-19
-70
-39
-4
3
-68
-2
49
-42
-82
-103
-35
-23
-30
11
-45
13
-91
-66
-104
-108
-90
2
-77
38
12
-65
-83
-46
-107
-62
-35
-62
-44
-120
-40
-47
-44
-90
5
-64
-111
-80
-5
-94
-105
-93
-4
-3
15
10
-114
9
4
-107
-44
-82
-82
-75
-98
-81
30
-57
25
49
0
10
-17
17
-105
-30
-114
-26
2
-17
0
-100
-43
-71
-120
-59
-46
-97
-35
13
-54
-47
23
18
25
46
-23
-19
-45
-103
10
-48
-62
-41
-34
-16
-19
-87
-1
-49
-56
-79
13
-8
-86
-22
-26
-74
-1
-85
-102
-47
-102
-67
-22
-77
-22
-18
-37
-71
-35
27
18
-63
-73
-69
31
-97
-99
19
3
-93
22
-71
10
-17
26
27
-45
29
-5
-41
-52
-100
-49
-86
13
-83
-65
-95
-10
-102
-102
-32
33
-52
-114
-66
26
-110
-88
-88
45
-101
30
-57
-72
-22
50
-90
-77
17
-41
-73
-64
-71
-53
-15
-48
-45
-95
-120
21
-62
-77
-14
-114
-100
13
-66
-22
-42
-42
-68
-95
-45
-86
48
-94
-89
-115
-41
-89
-114
-6
6
-14
-30
20
29
43
-119
-81
33
-40
-87
-34
-116
-40
-67
-90
-65
25
16
-46
-86
19
-14
-38
5
23
-64
-110
4
8
-76
-53
-66
-26
-68
-6
25
-50
-87
-35
-26
-111
11
6
-78
-117
34
-52
-37
34
-2
-110
-22
-100
-79
35
-62
-87
-3
-102
11
-103
-59
-100
2
35
-99
-18
-20
-3
-79
13
40
3
-93
-31
-100
-15
-14
-78
-46
49
-115
-20
-108
-2
-23
16
-32
-53
38
-94
-68
-65
18
23
-15
-113
-13
-85
-24
-97
-39
30
8
12
-75
28
31
-113
18
-96
-113
-7
43
-18
-57
-56
-60
-20
42
-56
-75
6
-100
-13
-28
-27
-43
-43
-59
-112
17
-104
-114
7
-3
-50
-17
-18
-81
15
-58
-31
15
-79
11
-82
22
-79
-51
-101
-85
-59
-27
-102
36
-25
-2
-37
31
35
-37
25
-56
50
-49
23
-113
-74
-83
-60
8
44
12
43
-71
-105
-49
-5
-119
-41
-13
-2
0
49
-54
-112
20
-55
-82
-72
-65
-15
-103
-49
-8
-35
-89
-59
-100
-15
18
3
26
-56
-57
-100
47
27
-102
-18
46
-90
29
-50
5
-24
-48
-67
10
-60
-109
-65
-115
17
-50
-36
-43
25
49
-76
-23
-95
-21
-17
-56
-2
-90
22
-108
-16
-24
1
-79
-57
-83
-103
-24
-92
-87
-64
-82
-47
-102
-38
11
46
-6
-119
49
12
-89
-12
-115
-20
-11
-19
-110
-66
-68
-111
9
-111
-48
-8
-33
-34
-47
27
-41
-93
-99
4
-37
-5
38
-52
13
18
-120
-18
-49
25
-20
-108
11
-65
-102
-104
3
-61
-65
4
-86
-107
42
-70
-10
-10
-16
-116
-47
-22
-29
-45
-13
9
-64
-40
15
33
-3
-44
41
28
1
-27
-53
12
-34
22
-63
-120
9
-3
-43
-41
38
-29
-68
-66
0
21
0
46
-75
-59
34
-47
-45
43
-52
-19
-115
-45
-1
-40
-92
-95
-95
11
7
-82
19
44
45
-74
-50
-7
-5
-38
-63
-8
45
47
32
1
-90
-67
8
-112
2
-96
-22
40
-39
-8
-17
34
-119
-100
50
16
31
30
-101
-76
-119
-47
23
-72
-32
39
-54
30
-34
-84
-22
-50
-9
-47
-51
-86
22
-48
-78
-79
-38
26
-117
29
-78
17
13
-117
-77
-104
-57
-11
-115
-117
-101
-82
-5
29
-74
-22
8
12
-19
30
45
15
-31
39
-50
-106
7
5
-72
-119
-81
41
7
41
-44
6
-43
-58
33
23
-75
-120
-102
-50
-96
-60
-17
-116
-18
-118
30
-111
-72
-3
-109
32
35
-50
-17
14
-98
8
-87
-74
-112
-94
-26
18
44
-37
16
-4
-73
6
-26
-88
-68
29
-88
-97
31
-3
-57
-87
-113
-45
-113
-86
27
-88
-101
-84
16
-4
15
-100
-48
-112
-74
25
16
46
-59
42
20
-108
14
-26
-108
7
-15
-10
-5
-52
26
39
44
-62
-74
23
-53
-61
-90
-22
42
43
-42
1
-63
-33
-31
36
-78
-99
-112
-26
-119
-15
-10
-93
-78
3
-114
-32
2
-94
29
44
30
-37
-38
-58
-85
16
-110
8
34
-5
38
8
23
-51
-106
43
25
0
-98
47
-76
4
20
22
-32
-14
-9
-87
-37
-105
-67
50
-68
-49
24
-86
1
-104
31
-12
4
50
48
14
-45
7
23
-108
-110
-30
-71
-25
-82
-8
-56
-25
-39
21
-22
1
-30
-42
-66
-113
-120
27
-65
-17
-74
-48
-10
-29
-73
-71
-61
44
-101
-7
-6
-69
-84
-78
-32
-37
-79
-118
48
-83
6
-6
-58
-66
-38
-11
-57
32
29
27
-47
-3
-41
-41
19
-47
17
-41
11
33
-96
-48
-66
-45
-29
-111
-102
-91
-15
17
-5
-79
-5
-49
6
-120
-111
-51
-62
-57
-37
-113
-38
13
-86
-115
-79
-66
-89
-96
40
-45
-71
-50
-12
45
-28
47
-117
29
-82
-73
24
-19
-66
-8
-17
-104
-6
-116
-64
45
36
-1
-83
-44
22
-3
-99
28
-84
-34
-82
-9
-53
14
-106
-56
-14
-38
-10
-2
37
-109
11
-54
-86
36
-71
-117
-86
-31
-92
19
29
-64
-3
1
-110
-98
-7
35
-67
15
-49
-2
-79
-46
-34
-21
-1
-19
-46
43
-14
39
-90
35
33
-8
-114
17
-80
-49
39
-38
-17
-36
-82
20
-49
-88
-7
16
-5
-64
-103
0
-19
11
-19
14
0
35
-98
-84
1
-119
0
-39
-59
36
-30
-67
-109
-120
-109
38
-79
-85
-38
-76
8
-109
36
-111
-94
-16
-112
-7
-53
-24
-31
-84
3
-63
-74
28
33
-66
-3
-110
39
-49
-78
-75
-45
38
6
13
-24
-73
-30
-62
-54
-83
-22
-36
-81
-84
-43
-116
-108
28
-61
-74
-103
-101
-42
14
5
-119
-62
-5
-35
22
25
-17
-88
5
-15
41
-36
46
47
-80
-61
4
-47
41
-29
-95
16
25
-37
-20
24
29
-105
-116
-85
-45
-106
26
-56
49
20
-117
-93
8
-39
-63
26
-34
-18
-14
31
-62
5
-88
45
-112
-19
-79
-13
-115
-17
-116
-49
7
-86
18
-40
-96
-71
32
-59
-40
39
-31
-88
1
-69
-92
-39
17
-62
-100
-41
32
-60
-1
-21
43
-22
-52
-6
41
-64
3
-43
-77
-82
34
-100
-47
-54
-75
-20
-82
-54
-83
6
-62
-60
-118
25
-15
-107
-69
7
46
27
4
7
7
-91
-108
-45
-24
13
-39
-66
-25
0
-27
-1
40
-97
-94
-17
-114
-54
13
-5
-59
-5
-23
-103
49
-109
40
-70
-10
-81
30
-89
-117
45
-70
-119
-108
13
-59
-99
-59
-83
-113
-111
-8
-103
-84
-107
-41
-72
-63
34
-3
-33
30
-84
-97
19
-98
7
42
-96
-77
-15
-48
-24
14
-35
-51
-101
16
-38
-34
-15
-9
4
-7
-85
28
-97
-17
-48
-86
-77
-102
-112
10
33
18
-56
36
-54
-55
-101
-18
-36
10
-63
22
-64
-89
-96
-103
-39
31
29
-45
33
-76
18
14
-47
-41
-1
-77
28
27
-64
34
-101
-72
-112
32
-42
17
49
-11
29
-57
-68
-8
47
-94
19
-40
-47
-111
-76
37
1
-17
-78
-29
19
-19
-33
21
-69
-25
-63
-119
-67
8
16
47
-38
-73
-106
-120
-110
8
-120
-88
-105
-31
-8
-18
-7
24
-70
14
-64
-110
-48
-72
-94
40
-71
-69
-7
31
-77
-75
-111
20
-62
-51
-94
-100
11
-69
26
-5
49
-30
-35
24
-50
-25
-81
-78
-53
-45
-80
